[(40, 2, 1), (5, 3, 3), (25, 6, 6), (36, 6, 6), (39, 7, 2), (49, 7, 2), (42, 8, 2), (6, 9, 5), (38, 10, 5), (48, 10, 3), (1, 11, 1), (41, 11, 3), (43, 11, 3), (10, 12, 3), (18, 12, 4), (19, 12, 2), (31, 13, 6), (2, 14, 2), (3, 15, 2), (28, 16, 3), (24, 17, 2), (37, 17, 5), (0, 18, 6), (21, 18, 4), (22, 18, 2), (33, 18, 4), (32, 19, 1), (46, 20, 4), (20, 21, 3), (27, 21, 3), (17, 22, 2), (29, 22, 6), (13, 23, 4), (45, 23, 5), (9, 28, 5), (12, 28, 3), (14, 28, 6), (26, 29, 4), (35, 29, 4), (34, 30, 6), (11, 33, 6), (16, 33, 1), (30, 33, 2), (7, 35, 1), (23, 35, 2), (44, 35, 4), (4, 36, 6), (15, 36, 2), (47, 36, 2), (8, 38, 1)]
Current time: 0
[0] Server 0: idle
[0] Server 1: idle
[0] Server 2: idle
[0] Server 3: idle
[0] Server 4: idle

[(40, 2, 1), (5, 3, 3), (25, 6, 6), (36, 6, 6), (39, 7, 2), (49, 7, 2), (42, 8, 2), (6, 9, 5), (38, 10, 5), (48, 10, 3), (1, 11, 1), (41, 11, 3), (43, 11, 3), (10, 12, 3), (18, 12, 4), (19, 12, 2), (31, 13, 6), (2, 14, 2), (3, 15, 2), (28, 16, 3), (24, 17, 2), (37, 17, 5), (0, 18, 6), (21, 18, 4), (22, 18, 2), (33, 18, 4), (32, 19, 1), (46, 20, 4), (20, 21, 3), (27, 21, 3), (17, 22, 2), (29, 22, 6), (13, 23, 4), (45, 23, 5), (9, 28, 5), (12, 28, 3), (14, 28, 6), (26, 29, 4), (35, 29, 4), (34, 30, 6), (11, 33, 6), (16, 33, 1), (30, 33, 2), (7, 35, 1), (23, 35, 2), (44, 35, 4), (4, 36, 6), (15, 36, 2), (47, 36, 2), (8, 38, 1)]
Current time: 1
[0] Server 0: idle
[0] Server 1: idle
[0] Server 2: idle
[0] Server 3: idle
[0] Server 4: idle

[(5, 3, 3), (25, 6, 6), (36, 6, 6), (39, 7, 2), (49, 7, 2), (42, 8, 2), (6, 9, 5), (38, 10, 5), (48, 10, 3), (1, 11, 1), (41, 11, 3), (43, 11, 3), (10, 12, 3), (18, 12, 4), (19, 12, 2), (31, 13, 6), (2, 14, 2), (3, 15, 2), (28, 16, 3), (24, 17, 2), (37, 17, 5), (0, 18, 6), (21, 18, 4), (22, 18, 2), (33, 18, 4), (32, 19, 1), (46, 20, 4), (20, 21, 3), (27, 21, 3), (17, 22, 2), (29, 22, 6), (13, 23, 4), (45, 23, 5), (9, 28, 5), (12, 28, 3), (14, 28, 6), (26, 29, 4), (35, 29, 4), (34, 30, 6), (11, 33, 6), (16, 33, 1), (30, 33, 2), (7, 35, 1), (23, 35, 2), (44, 35, 4), (4, 36, 6), (15, 36, 2), (47, 36, 2), (8, 38, 1)]
Current time: 2
[1] Server 0: (40, 2, 1); 
[0] Server 1: idle
[0] Server 2: idle
[0] Server 3: idle
[0] Server 4: idle

[(25, 6, 6), (36, 6, 6), (39, 7, 2), (49, 7, 2), (42, 8, 2), (6, 9, 5), (38, 10, 5), (48, 10, 3), (1, 11, 1), (41, 11, 3), (43, 11, 3), (10, 12, 3), (18, 12, 4), (19, 12, 2), (31, 13, 6), (2, 14, 2), (3, 15, 2), (28, 16, 3), (24, 17, 2), (37, 17, 5), (0, 18, 6), (21, 18, 4), (22, 18, 2), (33, 18, 4), (32, 19, 1), (46, 20, 4), (20, 21, 3), (27, 21, 3), (17, 22, 2), (29, 22, 6), (13, 23, 4), (45, 23, 5), (9, 28, 5), (12, 28, 3), (14, 28, 6), (26, 29, 4), (35, 29, 4), (34, 30, 6), (11, 33, 6), (16, 33, 1), (30, 33, 2), (7, 35, 1), (23, 35, 2), (44, 35, 4), (4, 36, 6), (15, 36, 2), (47, 36, 2), (8, 38, 1)]
Current time: 3
[0] Server 0: idle
[3] Server 1: (5, 3, 3); 
[0] Server 2: idle
[0] Server 3: idle
[0] Server 4: idle

[(25, 6, 6), (36, 6, 6), (39, 7, 2), (49, 7, 2), (42, 8, 2), (6, 9, 5), (38, 10, 5), (48, 10, 3), (1, 11, 1), (41, 11, 3), (43, 11, 3), (10, 12, 3), (18, 12, 4), (19, 12, 2), (31, 13, 6), (2, 14, 2), (3, 15, 2), (28, 16, 3), (24, 17, 2), (37, 17, 5), (0, 18, 6), (21, 18, 4), (22, 18, 2), (33, 18, 4), (32, 19, 1), (46, 20, 4), (20, 21, 3), (27, 21, 3), (17, 22, 2), (29, 22, 6), (13, 23, 4), (45, 23, 5), (9, 28, 5), (12, 28, 3), (14, 28, 6), (26, 29, 4), (35, 29, 4), (34, 30, 6), (11, 33, 6), (16, 33, 1), (30, 33, 2), (7, 35, 1), (23, 35, 2), (44, 35, 4), (4, 36, 6), (15, 36, 2), (47, 36, 2), (8, 38, 1)]
Current time: 4
[0] Server 0: idle
[3] Server 1: (5, 3, 3); 
[0] Server 2: idle
[0] Server 3: idle
[0] Server 4: idle

[(25, 6, 6), (36, 6, 6), (39, 7, 2), (49, 7, 2), (42, 8, 2), (6, 9, 5), (38, 10, 5), (48, 10, 3), (1, 11, 1), (41, 11, 3), (43, 11, 3), (10, 12, 3), (18, 12, 4), (19, 12, 2), (31, 13, 6), (2, 14, 2), (3, 15, 2), (28, 16, 3), (24, 17, 2), (37, 17, 5), (0, 18, 6), (21, 18, 4), (22, 18, 2), (33, 18, 4), (32, 19, 1), (46, 20, 4), (20, 21, 3), (27, 21, 3), (17, 22, 2), (29, 22, 6), (13, 23, 4), (45, 23, 5), (9, 28, 5), (12, 28, 3), (14, 28, 6), (26, 29, 4), (35, 29, 4), (34, 30, 6), (11, 33, 6), (16, 33, 1), (30, 33, 2), (7, 35, 1), (23, 35, 2), (44, 35, 4), (4, 36, 6), (15, 36, 2), (47, 36, 2), (8, 38, 1)]
Current time: 5
[0] Server 0: idle
[3] Server 1: (5, 3, 3); 
[0] Server 2: idle
[0] Server 3: idle
[0] Server 4: idle

[(39, 7, 2), (49, 7, 2), (42, 8, 2), (6, 9, 5), (38, 10, 5), (48, 10, 3), (1, 11, 1), (41, 11, 3), (43, 11, 3), (10, 12, 3), (18, 12, 4), (19, 12, 2), (31, 13, 6), (2, 14, 2), (3, 15, 2), (28, 16, 3), (24, 17, 2), (37, 17, 5), (0, 18, 6), (21, 18, 4), (22, 18, 2), (33, 18, 4), (32, 19, 1), (46, 20, 4), (20, 21, 3), (27, 21, 3), (17, 22, 2), (29, 22, 6), (13, 23, 4), (45, 23, 5), (9, 28, 5), (12, 28, 3), (14, 28, 6), (26, 29, 4), (35, 29, 4), (34, 30, 6), (11, 33, 6), (16, 33, 1), (30, 33, 2), (7, 35, 1), (23, 35, 2), (44, 35, 4), (4, 36, 6), (15, 36, 2), (47, 36, 2), (8, 38, 1)]
Current time: 6
[6] Server 0: (25, 6, 6); 
[6] Server 1: (36, 6, 6); 
[0] Server 2: idle
[0] Server 3: idle
[0] Server 4: idle

[(42, 8, 2), (6, 9, 5), (38, 10, 5), (48, 10, 3), (1, 11, 1), (41, 11, 3), (43, 11, 3), (10, 12, 3), (18, 12, 4), (19, 12, 2), (31, 13, 6), (2, 14, 2), (3, 15, 2), (28, 16, 3), (24, 17, 2), (37, 17, 5), (0, 18, 6), (21, 18, 4), (22, 18, 2), (33, 18, 4), (32, 19, 1), (46, 20, 4), (20, 21, 3), (27, 21, 3), (17, 22, 2), (29, 22, 6), (13, 23, 4), (45, 23, 5), (9, 28, 5), (12, 28, 3), (14, 28, 6), (26, 29, 4), (35, 29, 4), (34, 30, 6), (11, 33, 6), (16, 33, 1), (30, 33, 2), (7, 35, 1), (23, 35, 2), (44, 35, 4), (4, 36, 6), (15, 36, 2), (47, 36, 2), (8, 38, 1)]
Current time: 7
[6] Server 0: (25, 6, 6); 
[6] Server 1: (36, 6, 6); 
[2] Server 2: (39, 7, 2); 
[2] Server 3: (49, 7, 2); 
[0] Server 4: idle

[(6, 9, 5), (38, 10, 5), (48, 10, 3), (1, 11, 1), (41, 11, 3), (43, 11, 3), (10, 12, 3), (18, 12, 4), (19, 12, 2), (31, 13, 6), (2, 14, 2), (3, 15, 2), (28, 16, 3), (24, 17, 2), (37, 17, 5), (0, 18, 6), (21, 18, 4), (22, 18, 2), (33, 18, 4), (32, 19, 1), (46, 20, 4), (20, 21, 3), (27, 21, 3), (17, 22, 2), (29, 22, 6), (13, 23, 4), (45, 23, 5), (9, 28, 5), (12, 28, 3), (14, 28, 6), (26, 29, 4), (35, 29, 4), (34, 30, 6), (11, 33, 6), (16, 33, 1), (30, 33, 2), (7, 35, 1), (23, 35, 2), (44, 35, 4), (4, 36, 6), (15, 36, 2), (47, 36, 2), (8, 38, 1)]
Current time: 8
[6] Server 0: (25, 6, 6); 
[6] Server 1: (36, 6, 6); 
[2] Server 2: (39, 7, 2); 
[2] Server 3: (49, 7, 2); 
[2] Server 4: (42, 8, 2); 

[(38, 10, 5), (48, 10, 3), (1, 11, 1), (41, 11, 3), (43, 11, 3), (10, 12, 3), (18, 12, 4), (19, 12, 2), (31, 13, 6), (2, 14, 2), (3, 15, 2), (28, 16, 3), (24, 17, 2), (37, 17, 5), (0, 18, 6), (21, 18, 4), (22, 18, 2), (33, 18, 4), (32, 19, 1), (46, 20, 4), (20, 21, 3), (27, 21, 3), (17, 22, 2), (29, 22, 6), (13, 23, 4), (45, 23, 5), (9, 28, 5), (12, 28, 3), (14, 28, 6), (26, 29, 4), (35, 29, 4), (34, 30, 6), (11, 33, 6), (16, 33, 1), (30, 33, 2), (7, 35, 1), (23, 35, 2), (44, 35, 4), (4, 36, 6), (15, 36, 2), (47, 36, 2), (8, 38, 1)]
Current time: 9
[6] Server 0: (25, 6, 6); 
[6] Server 1: (36, 6, 6); 
[5] Server 2: (6, 9, 5); 
[0] Server 3: idle
[2] Server 4: (42, 8, 2); 

[(1, 11, 1), (41, 11, 3), (43, 11, 3), (10, 12, 3), (18, 12, 4), (19, 12, 2), (31, 13, 6), (2, 14, 2), (3, 15, 2), (28, 16, 3), (24, 17, 2), (37, 17, 5), (0, 18, 6), (21, 18, 4), (22, 18, 2), (33, 18, 4), (32, 19, 1), (46, 20, 4), (20, 21, 3), (27, 21, 3), (17, 22, 2), (29, 22, 6), (13, 23, 4), (45, 23, 5), (9, 28, 5), (12, 28, 3), (14, 28, 6), (26, 29, 4), (35, 29, 4), (34, 30, 6), (11, 33, 6), (16, 33, 1), (30, 33, 2), (7, 35, 1), (23, 35, 2), (44, 35, 4), (4, 36, 6), (15, 36, 2), (47, 36, 2), (8, 38, 1)]
Current time: 10
[6] Server 0: (25, 6, 6); 
[6] Server 1: (36, 6, 6); 
[5] Server 2: (6, 9, 5); 
[5] Server 3: (38, 10, 5); 
[3] Server 4: (48, 10, 3); 

[(10, 12, 3), (18, 12, 4), (19, 12, 2), (31, 13, 6), (2, 14, 2), (3, 15, 2), (28, 16, 3), (24, 17, 2), (37, 17, 5), (0, 18, 6), (21, 18, 4), (22, 18, 2), (33, 18, 4), (32, 19, 1), (46, 20, 4), (20, 21, 3), (27, 21, 3), (17, 22, 2), (29, 22, 6), (13, 23, 4), (45, 23, 5), (9, 28, 5), (12, 28, 3), (14, 28, 6), (26, 29, 4), (35, 29, 4), (34, 30, 6), (11, 33, 6), (16, 33, 1), (30, 33, 2), (7, 35, 1), (23, 35, 2), (44, 35, 4), (4, 36, 6), (15, 36, 2), (47, 36, 2), (8, 38, 1)]
Current time: 11
[6] Server 0: (25, 6, 6); 
[6] Server 1: (36, 6, 6); 
[8] Server 2: (6, 9, 5); (43, 11, 3); 
[5] Server 3: (38, 10, 5); 
[7] Server 4: (48, 10, 3); (1, 11, 1); (41, 11, 3); 

[(31, 13, 6), (2, 14, 2), (3, 15, 2), (28, 16, 3), (24, 17, 2), (37, 17, 5), (0, 18, 6), (21, 18, 4), (22, 18, 2), (33, 18, 4), (32, 19, 1), (46, 20, 4), (20, 21, 3), (27, 21, 3), (17, 22, 2), (29, 22, 6), (13, 23, 4), (45, 23, 5), (9, 28, 5), (12, 28, 3), (14, 28, 6), (26, 29, 4), (35, 29, 4), (34, 30, 6), (11, 33, 6), (16, 33, 1), (30, 33, 2), (7, 35, 1), (23, 35, 2), (44, 35, 4), (4, 36, 6), (15, 36, 2), (47, 36, 2), (8, 38, 1)]
Current time: 12
[5] Server 0: (10, 12, 3); (19, 12, 2); 
[4] Server 1: (18, 12, 4); 
[8] Server 2: (6, 9, 5); (43, 11, 3); 
[5] Server 3: (38, 10, 5); 
[7] Server 4: (48, 10, 3); (1, 11, 1); (41, 11, 3); 

[(2, 14, 2), (3, 15, 2), (28, 16, 3), (24, 17, 2), (37, 17, 5), (0, 18, 6), (21, 18, 4), (22, 18, 2), (33, 18, 4), (32, 19, 1), (46, 20, 4), (20, 21, 3), (27, 21, 3), (17, 22, 2), (29, 22, 6), (13, 23, 4), (45, 23, 5), (9, 28, 5), (12, 28, 3), (14, 28, 6), (26, 29, 4), (35, 29, 4), (34, 30, 6), (11, 33, 6), (16, 33, 1), (30, 33, 2), (7, 35, 1), (23, 35, 2), (44, 35, 4), (4, 36, 6), (15, 36, 2), (47, 36, 2), (8, 38, 1)]
Current time: 13
[5] Server 0: (10, 12, 3); (19, 12, 2); 
[10] Server 1: (18, 12, 4); (31, 13, 6); 
[8] Server 2: (6, 9, 5); (43, 11, 3); 
[5] Server 3: (38, 10, 5); 
[4] Server 4: (1, 11, 1); (41, 11, 3); 

[(3, 15, 2), (28, 16, 3), (24, 17, 2), (37, 17, 5), (0, 18, 6), (21, 18, 4), (22, 18, 2), (33, 18, 4), (32, 19, 1), (46, 20, 4), (20, 21, 3), (27, 21, 3), (17, 22, 2), (29, 22, 6), (13, 23, 4), (45, 23, 5), (9, 28, 5), (12, 28, 3), (14, 28, 6), (26, 29, 4), (35, 29, 4), (34, 30, 6), (11, 33, 6), (16, 33, 1), (30, 33, 2), (7, 35, 1), (23, 35, 2), (44, 35, 4), (4, 36, 6), (15, 36, 2), (47, 36, 2), (8, 38, 1)]
Current time: 14
[5] Server 0: (10, 12, 3); (19, 12, 2); 
[10] Server 1: (18, 12, 4); (31, 13, 6); 
[5] Server 2: (43, 11, 3); (2, 14, 2); 
[5] Server 3: (38, 10, 5); 
[3] Server 4: (41, 11, 3); 

[(28, 16, 3), (24, 17, 2), (37, 17, 5), (0, 18, 6), (21, 18, 4), (22, 18, 2), (33, 18, 4), (32, 19, 1), (46, 20, 4), (20, 21, 3), (27, 21, 3), (17, 22, 2), (29, 22, 6), (13, 23, 4), (45, 23, 5), (9, 28, 5), (12, 28, 3), (14, 28, 6), (26, 29, 4), (35, 29, 4), (34, 30, 6), (11, 33, 6), (16, 33, 1), (30, 33, 2), (7, 35, 1), (23, 35, 2), (44, 35, 4), (4, 36, 6), (15, 36, 2), (47, 36, 2), (8, 38, 1)]
Current time: 15
[2] Server 0: (19, 12, 2); 
[10] Server 1: (18, 12, 4); (31, 13, 6); 
[5] Server 2: (43, 11, 3); (2, 14, 2); 
[2] Server 3: (3, 15, 2); 
[3] Server 4: (41, 11, 3); 

[(24, 17, 2), (37, 17, 5), (0, 18, 6), (21, 18, 4), (22, 18, 2), (33, 18, 4), (32, 19, 1), (46, 20, 4), (20, 21, 3), (27, 21, 3), (17, 22, 2), (29, 22, 6), (13, 23, 4), (45, 23, 5), (9, 28, 5), (12, 28, 3), (14, 28, 6), (26, 29, 4), (35, 29, 4), (34, 30, 6), (11, 33, 6), (16, 33, 1), (30, 33, 2), (7, 35, 1), (23, 35, 2), (44, 35, 4), (4, 36, 6), (15, 36, 2), (47, 36, 2), (8, 38, 1)]
Current time: 16
[5] Server 0: (19, 12, 2); (28, 16, 3); 
[6] Server 1: (31, 13, 6); 
[5] Server 2: (43, 11, 3); (2, 14, 2); 
[2] Server 3: (3, 15, 2); 
[3] Server 4: (41, 11, 3); 

[(0, 18, 6), (21, 18, 4), (22, 18, 2), (33, 18, 4), (32, 19, 1), (46, 20, 4), (20, 21, 3), (27, 21, 3), (17, 22, 2), (29, 22, 6), (13, 23, 4), (45, 23, 5), (9, 28, 5), (12, 28, 3), (14, 28, 6), (26, 29, 4), (35, 29, 4), (34, 30, 6), (11, 33, 6), (16, 33, 1), (30, 33, 2), (7, 35, 1), (23, 35, 2), (44, 35, 4), (4, 36, 6), (15, 36, 2), (47, 36, 2), (8, 38, 1)]
Current time: 17
[3] Server 0: (28, 16, 3); 
[6] Server 1: (31, 13, 6); 
[2] Server 2: (2, 14, 2); 
[2] Server 3: (24, 17, 2); 
[5] Server 4: (37, 17, 5); 

[(32, 19, 1), (46, 20, 4), (20, 21, 3), (27, 21, 3), (17, 22, 2), (29, 22, 6), (13, 23, 4), (45, 23, 5), (9, 28, 5), (12, 28, 3), (14, 28, 6), (26, 29, 4), (35, 29, 4), (34, 30, 6), (11, 33, 6), (16, 33, 1), (30, 33, 2), (7, 35, 1), (23, 35, 2), (44, 35, 4), (4, 36, 6), (15, 36, 2), (47, 36, 2), (8, 38, 1)]
Current time: 18
[9] Server 0: (28, 16, 3); (22, 18, 2); (33, 18, 4); 
[6] Server 1: (31, 13, 6); 
[8] Server 2: (2, 14, 2); (0, 18, 6); 
[6] Server 3: (24, 17, 2); (21, 18, 4); 
[5] Server 4: (37, 17, 5); 

[(46, 20, 4), (20, 21, 3), (27, 21, 3), (17, 22, 2), (29, 22, 6), (13, 23, 4), (45, 23, 5), (9, 28, 5), (12, 28, 3), (14, 28, 6), (26, 29, 4), (35, 29, 4), (34, 30, 6), (11, 33, 6), (16, 33, 1), (30, 33, 2), (7, 35, 1), (23, 35, 2), (44, 35, 4), (4, 36, 6), (15, 36, 2), (47, 36, 2), (8, 38, 1)]
Current time: 19
[9] Server 0: (28, 16, 3); (22, 18, 2); (33, 18, 4); 
[6] Server 1: (31, 13, 6); 
[6] Server 2: (0, 18, 6); 
[4] Server 3: (21, 18, 4); 
[6] Server 4: (37, 17, 5); (32, 19, 1); 

[(20, 21, 3), (27, 21, 3), (17, 22, 2), (29, 22, 6), (13, 23, 4), (45, 23, 5), (9, 28, 5), (12, 28, 3), (14, 28, 6), (26, 29, 4), (35, 29, 4), (34, 30, 6), (11, 33, 6), (16, 33, 1), (30, 33, 2), (7, 35, 1), (23, 35, 2), (44, 35, 4), (4, 36, 6), (15, 36, 2), (47, 36, 2), (8, 38, 1)]
Current time: 20
[6] Server 0: (22, 18, 2); (33, 18, 4); 
[6] Server 1: (31, 13, 6); 
[6] Server 2: (0, 18, 6); 
[8] Server 3: (21, 18, 4); (46, 20, 4); 
[6] Server 4: (37, 17, 5); (32, 19, 1); 

[(17, 22, 2), (29, 22, 6), (13, 23, 4), (45, 23, 5), (9, 28, 5), (12, 28, 3), (14, 28, 6), (26, 29, 4), (35, 29, 4), (34, 30, 6), (11, 33, 6), (16, 33, 1), (30, 33, 2), (7, 35, 1), (23, 35, 2), (44, 35, 4), (4, 36, 6), (15, 36, 2), (47, 36, 2), (8, 38, 1)]
Current time: 21
[9] Server 0: (22, 18, 2); (33, 18, 4); (20, 21, 3); 
[9] Server 1: (31, 13, 6); (27, 21, 3); 
[6] Server 2: (0, 18, 6); 
[8] Server 3: (21, 18, 4); (46, 20, 4); 
[6] Server 4: (37, 17, 5); (32, 19, 1); 

[(13, 23, 4), (45, 23, 5), (9, 28, 5), (12, 28, 3), (14, 28, 6), (26, 29, 4), (35, 29, 4), (34, 30, 6), (11, 33, 6), (16, 33, 1), (30, 33, 2), (7, 35, 1), (23, 35, 2), (44, 35, 4), (4, 36, 6), (15, 36, 2), (47, 36, 2), (8, 38, 1)]
Current time: 22
[7] Server 0: (33, 18, 4); (20, 21, 3); 
[9] Server 1: (27, 21, 3); (29, 22, 6); 
[6] Server 2: (0, 18, 6); 
[8] Server 3: (21, 18, 4); (46, 20, 4); 
[3] Server 4: (32, 19, 1); (17, 22, 2); 

[(9, 28, 5), (12, 28, 3), (14, 28, 6), (26, 29, 4), (35, 29, 4), (34, 30, 6), (11, 33, 6), (16, 33, 1), (30, 33, 2), (7, 35, 1), (23, 35, 2), (44, 35, 4), (4, 36, 6), (15, 36, 2), (47, 36, 2), (8, 38, 1)]
Current time: 23
[7] Server 0: (33, 18, 4); (20, 21, 3); 
[9] Server 1: (27, 21, 3); (29, 22, 6); 
[6] Server 2: (0, 18, 6); 
[9] Server 3: (46, 20, 4); (45, 23, 5); 
[6] Server 4: (17, 22, 2); (13, 23, 4); 

[(9, 28, 5), (12, 28, 3), (14, 28, 6), (26, 29, 4), (35, 29, 4), (34, 30, 6), (11, 33, 6), (16, 33, 1), (30, 33, 2), (7, 35, 1), (23, 35, 2), (44, 35, 4), (4, 36, 6), (15, 36, 2), (47, 36, 2), (8, 38, 1)]
Current time: 24
[7] Server 0: (33, 18, 4); (20, 21, 3); 
[9] Server 1: (27, 21, 3); (29, 22, 6); 
[6] Server 2: (0, 18, 6); 
[9] Server 3: (46, 20, 4); (45, 23, 5); 
[6] Server 4: (17, 22, 2); (13, 23, 4); 

[(9, 28, 5), (12, 28, 3), (14, 28, 6), (26, 29, 4), (35, 29, 4), (34, 30, 6), (11, 33, 6), (16, 33, 1), (30, 33, 2), (7, 35, 1), (23, 35, 2), (44, 35, 4), (4, 36, 6), (15, 36, 2), (47, 36, 2), (8, 38, 1)]
Current time: 25
[7] Server 0: (33, 18, 4); (20, 21, 3); 
[6] Server 1: (29, 22, 6); 
[0] Server 2: idle
[9] Server 3: (46, 20, 4); (45, 23, 5); 
[4] Server 4: (13, 23, 4); 

[(9, 28, 5), (12, 28, 3), (14, 28, 6), (26, 29, 4), (35, 29, 4), (34, 30, 6), (11, 33, 6), (16, 33, 1), (30, 33, 2), (7, 35, 1), (23, 35, 2), (44, 35, 4), (4, 36, 6), (15, 36, 2), (47, 36, 2), (8, 38, 1)]
Current time: 26
[3] Server 0: (20, 21, 3); 
[6] Server 1: (29, 22, 6); 
[0] Server 2: idle
[9] Server 3: (46, 20, 4); (45, 23, 5); 
[4] Server 4: (13, 23, 4); 

[(9, 28, 5), (12, 28, 3), (14, 28, 6), (26, 29, 4), (35, 29, 4), (34, 30, 6), (11, 33, 6), (16, 33, 1), (30, 33, 2), (7, 35, 1), (23, 35, 2), (44, 35, 4), (4, 36, 6), (15, 36, 2), (47, 36, 2), (8, 38, 1)]
Current time: 27
[3] Server 0: (20, 21, 3); 
[6] Server 1: (29, 22, 6); 
[0] Server 2: idle
[5] Server 3: (45, 23, 5); 
[4] Server 4: (13, 23, 4); 

[(26, 29, 4), (35, 29, 4), (34, 30, 6), (11, 33, 6), (16, 33, 1), (30, 33, 2), (7, 35, 1), (23, 35, 2), (44, 35, 4), (4, 36, 6), (15, 36, 2), (47, 36, 2), (8, 38, 1)]
Current time: 28
[6] Server 0: (20, 21, 3); (12, 28, 3); 
[6] Server 1: (29, 22, 6); 
[5] Server 2: (9, 28, 5); 
[5] Server 3: (45, 23, 5); 
[10] Server 4: (13, 23, 4); (14, 28, 6); 

[(34, 30, 6), (11, 33, 6), (16, 33, 1), (30, 33, 2), (7, 35, 1), (23, 35, 2), (44, 35, 4), (4, 36, 6), (15, 36, 2), (47, 36, 2), (8, 38, 1)]
Current time: 29
[7] Server 0: (12, 28, 3); (26, 29, 4); 
[6] Server 1: (29, 22, 6); 
[9] Server 2: (9, 28, 5); (35, 29, 4); 
[5] Server 3: (45, 23, 5); 
[6] Server 4: (14, 28, 6); 

[(11, 33, 6), (16, 33, 1), (30, 33, 2), (7, 35, 1), (23, 35, 2), (44, 35, 4), (4, 36, 6), (15, 36, 2), (47, 36, 2), (8, 38, 1)]
Current time: 30
[7] Server 0: (12, 28, 3); (26, 29, 4); 
[6] Server 1: (29, 22, 6); 
[9] Server 2: (9, 28, 5); (35, 29, 4); 
[11] Server 3: (45, 23, 5); (34, 30, 6); 
[6] Server 4: (14, 28, 6); 

[(11, 33, 6), (16, 33, 1), (30, 33, 2), (7, 35, 1), (23, 35, 2), (44, 35, 4), (4, 36, 6), (15, 36, 2), (47, 36, 2), (8, 38, 1)]
Current time: 31
[7] Server 0: (12, 28, 3); (26, 29, 4); 
[0] Server 1: idle
[9] Server 2: (9, 28, 5); (35, 29, 4); 
[11] Server 3: (45, 23, 5); (34, 30, 6); 
[6] Server 4: (14, 28, 6); 

[(11, 33, 6), (16, 33, 1), (30, 33, 2), (7, 35, 1), (23, 35, 2), (44, 35, 4), (4, 36, 6), (15, 36, 2), (47, 36, 2), (8, 38, 1)]
Current time: 32
[4] Server 0: (26, 29, 4); 
[0] Server 1: idle
[9] Server 2: (9, 28, 5); (35, 29, 4); 
[6] Server 3: (34, 30, 6); 
[6] Server 4: (14, 28, 6); 

[(7, 35, 1), (23, 35, 2), (44, 35, 4), (4, 36, 6), (15, 36, 2), (47, 36, 2), (8, 38, 1)]
Current time: 33
[5] Server 0: (26, 29, 4); (16, 33, 1); 
[6] Server 1: (11, 33, 6); 
[6] Server 2: (35, 29, 4); (30, 33, 2); 
[6] Server 3: (34, 30, 6); 
[6] Server 4: (14, 28, 6); 

[(7, 35, 1), (23, 35, 2), (44, 35, 4), (4, 36, 6), (15, 36, 2), (47, 36, 2), (8, 38, 1)]
Current time: 34
[5] Server 0: (26, 29, 4); (16, 33, 1); 
[6] Server 1: (11, 33, 6); 
[6] Server 2: (35, 29, 4); (30, 33, 2); 
[6] Server 3: (34, 30, 6); 
[6] Server 4: (14, 28, 6); 

[(4, 36, 6), (15, 36, 2), (47, 36, 2), (8, 38, 1)]
Current time: 35
[5] Server 0: (26, 29, 4); (16, 33, 1); 
[6] Server 1: (11, 33, 6); 
[6] Server 2: (35, 29, 4); (30, 33, 2); 
[6] Server 3: (34, 30, 6); 
[7] Server 4: (7, 35, 1); (23, 35, 2); (44, 35, 4); 

[(8, 38, 1)]
Current time: 36
[7] Server 0: (16, 33, 1); (4, 36, 6); 
[8] Server 1: (11, 33, 6); (15, 36, 2); 
[8] Server 2: (35, 29, 4); (30, 33, 2); (47, 36, 2); 
[6] Server 3: (34, 30, 6); 
[6] Server 4: (23, 35, 2); (44, 35, 4); 

[(8, 38, 1)]
Current time: 37
[6] Server 0: (4, 36, 6); 
[8] Server 1: (11, 33, 6); (15, 36, 2); 
[4] Server 2: (30, 33, 2); (47, 36, 2); 
[6] Server 3: (34, 30, 6); 
[6] Server 4: (23, 35, 2); (44, 35, 4); 

[]
Current time: 38
[6] Server 0: (4, 36, 6); 
[8] Server 1: (11, 33, 6); (15, 36, 2); 
[4] Server 2: (30, 33, 2); (47, 36, 2); 
[1] Server 3: (8, 38, 1); 
[4] Server 4: (44, 35, 4); 

[]
Current time: 39
[6] Server 0: (4, 36, 6); 
[2] Server 1: (15, 36, 2); 
[2] Server 2: (47, 36, 2); 
[0] Server 3: idle
[4] Server 4: (44, 35, 4); 

[]
Current time: 40
[6] Server 0: (4, 36, 6); 
[2] Server 1: (15, 36, 2); 
[2] Server 2: (47, 36, 2); 
[0] Server 3: idle
[4] Server 4: (44, 35, 4); 

[]
Current time: 41
[6] Server 0: (4, 36, 6); 
[0] Server 1: idle
[0] Server 2: idle
[0] Server 3: idle
[4] Server 4: (44, 35, 4); 

[]
Current time: 42
[6] Server 0: (4, 36, 6); 
[0] Server 1: idle
[0] Server 2: idle
[0] Server 3: idle
[0] Server 4: idle

[]
Current time: 43
[0] Server 0: idle
[0] Server 1: idle
[0] Server 2: idle
[0] Server 3: idle
[0] Server 4: idle

[]
Current time: 44
[0] Server 0: idle
[0] Server 1: idle
[0] Server 2: idle
[0] Server 3: idle
[0] Server 4: idle

[]
Current time: 45
[0] Server 0: idle
[0] Server 1: idle
[0] Server 2: idle
[0] Server 3: idle
[0] Server 4: idle

[]
Current time: 46
[0] Server 0: idle
[0] Server 1: idle
[0] Server 2: idle
[0] Server 3: idle
[0] Server 4: idle

[]
Current time: 47
[0] Server 0: idle
[0] Server 1: idle
[0] Server 2: idle
[0] Server 3: idle
[0] Server 4: idle

[]
Current time: 48
[0] Server 0: idle
[0] Server 1: idle
[0] Server 2: idle
[0] Server 3: idle
[0] Server 4: idle

[]
Current time: 49
[0] Server 0: idle
[0] Server 1: idle
[0] Server 2: idle
[0] Server 3: idle
[0] Server 4: idle

[]
Current time: 50
[0] Server 0: idle
[0] Server 1: idle
[0] Server 2: idle
[0] Server 3: idle
[0] Server 4: idle

[]
Current time: 51
[0] Server 0: idle
[0] Server 1: idle
[0] Server 2: idle
[0] Server 3: idle
[0] Server 4: idle

[]
Current time: 52
[0] Server 0: idle
[0] Server 1: idle
[0] Server 2: idle
[0] Server 3: idle
[0] Server 4: idle

[]
Current time: 53
[0] Server 0: idle
[0] Server 1: idle
[0] Server 2: idle
[0] Server 3: idle
[0] Server 4: idle

[]
Current time: 54
[0] Server 0: idle
[0] Server 1: idle
[0] Server 2: idle
[0] Server 3: idle
[0] Server 4: idle

[]
Current time: 55
[0] Server 0: idle
[0] Server 1: idle
[0] Server 2: idle
[0] Server 3: idle
[0] Server 4: idle

[]
Current time: 56
[0] Server 0: idle
[0] Server 1: idle
[0] Server 2: idle
[0] Server 3: idle
[0] Server 4: idle

[]
Current time: 57
[0] Server 0: idle
[0] Server 1: idle
[0] Server 2: idle
[0] Server 3: idle
[0] Server 4: idle

[]
Current time: 58
[0] Server 0: idle
[0] Server 1: idle
[0] Server 2: idle
[0] Server 3: idle
[0] Server 4: idle

[]
Current time: 59
[0] Server 0: idle
[0] Server 1: idle
[0] Server 2: idle
[0] Server 3: idle
[0] Server 4: idle

[]
Current time: 60
[0] Server 0: idle
[0] Server 1: idle
[0] Server 2: idle
[0] Server 3: idle
[0] Server 4: idle
